import numpy as np

# 已知的状态转移概率矩阵 P0
P0 = np.array([[9.74973449e-01,2.47107411e-02,3.13147360e-04,2.64557746e-06
,1.67630666e-08,8.49721188e-11,3.58936958e-13,1.29961022e-15
,4.11733414e-18,1.15948887e-20,2.93872918e-23,6.77110988e-26
,1.43011709e-28,2.78818268e-31,5.04761440e-34,8.52879926e-37
,1.35101724e-39,2.01421094e-42,2.83612538e-45,0.00000000e+00]
,[0.00000000e+00,9.74973449e-01,2.47107411e-02,3.13147360e-04
,2.64557746e-06,1.67630666e-08,8.49721188e-11,3.58936958e-13
,1.29961022e-15,4.11733414e-18,1.15948887e-20,2.93872918e-23
,6.77110988e-26,1.43011709e-28,2.78818268e-31,5.04761440e-34
,8.52879926e-37,1.35101724e-39,2.01421094e-42,0.00000000e+00]
,[0.00000000e+00,0.00000000e+00,9.74973449e-01,2.47107411e-02
,3.13147360e-04,2.64557746e-06,1.67630666e-08,8.49721188e-11
,3.58936958e-13,1.29961022e-15,4.11733414e-18,1.15948887e-20
,2.93872918e-23,6.77110988e-26,1.43011709e-28,2.78818268e-31
,5.04761440e-34,8.52879926e-37,1.35101724e-39,0.00000000e+00]
,[0.00000000e+00,0.00000000e+00,0.00000000e+00,9.74973449e-01
,2.47107411e-02,3.13147360e-04,2.64557746e-06,1.67630666e-08
,8.49721188e-11,3.58936958e-13,1.29961022e-15,4.11733414e-18
,1.15948887e-20,2.93872918e-23,6.77110988e-26,1.43011709e-28
,2.78818268e-31,5.04761440e-34,8.52879926e-37,0.00000000e+00]
,[0.00000000e+00,0.00000000e+00,0.00000000e+00,0.00000000e+00
,9.74973449e-01,2.47107411e-02,3.13147360e-04,2.64557746e-06
,1.67630666e-08,8.49721188e-11,3.58936958e-13,1.29961022e-15
,4.11733414e-18,1.15948887e-20,2.93872918e-23,6.77110988e-26
,1.43011709e-28,2.78818268e-31,5.04761440e-34,0.00000000e+00]
,[0.00000000e+00,0.00000000e+00,0.00000000e+00,0.00000000e+00
,0.00000000e+00,9.74973449e-01,2.47107411e-02,3.13147360e-04
,2.64557746e-06,1.67630666e-08,8.49721188e-11,3.58936958e-13
,1.29961022e-15,4.11733414e-18,1.15948887e-20,2.93872918e-23
,6.77110988e-26,1.43011709e-28,2.78818268e-31,0.00000000e+00]
,[0.00000000e+00,0.00000000e+00,0.00000000e+00,0.00000000e+00
,0.00000000e+00,0.00000000e+00,9.74973449e-01,2.47107411e-02
,3.13147360e-04,2.64557746e-06,1.67630666e-08,8.49721188e-11
,3.58936958e-13,1.29961022e-15,4.11733414e-18,1.15948887e-20
,2.93872918e-23,6.77110988e-26,1.43011709e-28,0.00000000e+00]
,[0.00000000e+00,0.00000000e+00,0.00000000e+00,0.00000000e+00
,0.00000000e+00,0.00000000e+00,0.00000000e+00,9.74973449e-01
,2.47107411e-02,3.13147360e-04,2.64557746e-06,1.67630666e-08
,8.49721188e-11,3.58936958e-13,1.29961022e-15,4.11733414e-18
,1.15948887e-20,2.93872918e-23,6.77110988e-26,0.00000000e+00]
,[0.00000000e+00,0.00000000e+00,0.00000000e+00,0.00000000e+00
,0.00000000e+00,0.00000000e+00,0.00000000e+00,0.00000000e+00
,9.74973449e-01,2.47107411e-02,3.13147360e-04,2.64557746e-06
,1.67630666e-08,8.49721188e-11,3.58936958e-13,1.29961022e-15
,4.11733414e-18,1.15948887e-20,2.93872918e-23,0.00000000e+00]
,[0.00000000e+00,0.00000000e+00,0.00000000e+00,0.00000000e+00
,0.00000000e+00,0.00000000e+00,0.00000000e+00,0.00000000e+00
,0.00000000e+00,9.74973449e-01,2.47107411e-02,3.13147360e-04
,2.64557746e-06,1.67630666e-08,8.49721188e-11,3.58936958e-13
,1.29961022e-15,4.11733414e-18,1.15948887e-20,0.00000000e+00]
,[0.00000000e+00,0.00000000e+00,0.00000000e+00,0.00000000e+00
,0.00000000e+00,0.00000000e+00,0.00000000e+00,0.00000000e+00
,0.00000000e+00,0.00000000e+00,9.74973449e-01,2.47107411e-02
,3.13147360e-04,2.64557746e-06,1.67630666e-08,8.49721188e-11
,3.58936958e-13,1.29961022e-15,4.11733414e-18,0.00000000e+00]
,[0.00000000e+00,0.00000000e+00,0.00000000e+00,0.00000000e+00
,0.00000000e+00,0.00000000e+00,0.00000000e+00,0.00000000e+00
,0.00000000e+00,0.00000000e+00,0.00000000e+00,9.74973449e-01
,2.47107411e-02,3.13147360e-04,2.64557746e-06,1.67630666e-08
,8.49721188e-11,3.58936958e-13,1.29961022e-15,0.00000000e+00]
,[0.00000000e+00,0.00000000e+00,0.00000000e+00,0.00000000e+00
,0.00000000e+00,0.00000000e+00,0.00000000e+00,0.00000000e+00
,0.00000000e+00,0.00000000e+00,0.00000000e+00,0.00000000e+00
,9.74973449e-01,2.47107411e-02,3.13147360e-04,2.64557746e-06
,1.67630666e-08,8.49721188e-11,3.58936958e-13,1.33226763e-15]
,[0.00000000e+00,0.00000000e+00,0.00000000e+00,0.00000000e+00
,0.00000000e+00,0.00000000e+00,0.00000000e+00,0.00000000e+00
,0.00000000e+00,0.00000000e+00,0.00000000e+00,0.00000000e+00
,0.00000000e+00,9.74973449e-01,2.47107411e-02,3.13147360e-04
,2.64557746e-06,1.67630666e-08,8.49721188e-11,3.60267371e-13]
,[0.00000000e+00,0.00000000e+00,0.00000000e+00,0.00000000e+00
,0.00000000e+00,0.00000000e+00,0.00000000e+00,0.00000000e+00
,0.00000000e+00,0.00000000e+00,0.00000000e+00,0.00000000e+00
,0.00000000e+00,0.00000000e+00,9.74973449e-01,2.47107411e-02
,3.13147360e-04,2.64557746e-06,1.67630666e-08,8.53324078e-11]
,[0.00000000e+00,0.00000000e+00,0.00000000e+00,0.00000000e+00
,0.00000000e+00,0.00000000e+00,0.00000000e+00,0.00000000e+00
,0.00000000e+00,0.00000000e+00,0.00000000e+00,0.00000000e+00
,0.00000000e+00,0.00000000e+00,0.00000000e+00,9.74973449e-01
,2.47107411e-02,3.13147360e-04,2.64557746e-06,1.68483990e-08]
,[0.00000000e+00,0.00000000e+00,0.00000000e+00,0.00000000e+00
,0.00000000e+00,0.00000000e+00,0.00000000e+00,0.00000000e+00
,0.00000000e+00,0.00000000e+00,0.00000000e+00,0.00000000e+00
,0.00000000e+00,0.00000000e+00,0.00000000e+00,0.00000000e+00
,9.74973449e-01,2.47107411e-02,3.13147360e-04,2.66242586e-06]
,[0.00000000e+00,0.00000000e+00,0.00000000e+00,0.00000000e+00
,0.00000000e+00,0.00000000e+00,0.00000000e+00,0.00000000e+00
,0.00000000e+00,0.00000000e+00,0.00000000e+00,0.00000000e+00
,0.00000000e+00,0.00000000e+00,0.00000000e+00,0.00000000e+00
,0.00000000e+00,9.74973449e-01,2.47107411e-02,3.15809786e-04]
,[0.00000000e+00,0.00000000e+00,0.00000000e+00,0.00000000e+00
,0.00000000e+00,0.00000000e+00,0.00000000e+00,0.00000000e+00
,0.00000000e+00,0.00000000e+00,0.00000000e+00,0.00000000e+00
,0.00000000e+00,0.00000000e+00,0.00000000e+00,0.00000000e+00
,0.00000000e+00,0.00000000e+00,9.74973449e-01,2.50265509e-02]
,[0.00000000e+00,0.00000000e+00,0.00000000e+00,0.00000000e+00
,0.00000000e+00,0.00000000e+00,0.00000000e+00,0.00000000e+00
,0.00000000e+00,0.00000000e+00,0.00000000e+00,0.00000000e+00
,0.00000000e+00,0.00000000e+00,0.00000000e+00,0.00000000e+00
,0.00000000e+00,0.00000000e+00,0.00000000e+00,1.00000000e+00]])

# 求解八个状态的平稳分布
eigenvalues, eigenvectors = np.linalg.eig(P0.T)
idx = np.argmax(eigenvalues.real)
stationary_distribution = np.abs(eigenvectors[:, idx].real) / np.sum(np.abs(eigenvectors[:, idx].real))

# 输出各个状态的出现概率
for i in range(20):
    print(f"状态{i+1}的出现概率为：{stationary_distribution[i]}")
